1000
15 72 4
18 75 3
6 74 68
20 94 40
19 54 59
68 23 60
38 91 22
18 66 28
17 17 24
17 8 18
28 44 77
1 12 64
20 11 46
97 70 4
81 38 43
3 53 40
12 71 89
8 87 8
41 9 44
4 95 82
91 88 3
100 1 1
52 27 3
75 97 59
82 77 39
53 52 65
78 28 15
50 22 86
15 48 19
32 98 7
12 100 82
0 30 70
97 40 88
54 83 44
1 42 57
52 37 89
55 80 45
44 33 42
71 86 34
89 48 39
9 67 78
45 3 87
93 85 66
8 92 17
63 97 5
14 30 25
57 53 73
90 47 68
35 81 8
30 15 68
45 4 63
72 15 93
32 38 20
4 84 60
91 59 33
83 12 56
53 80 34
93 6 84
69 11 77
100 18 7
82 97 70
19 90 69
28 9 52
41 26 27
56 43 8
31 9 91
31 9 89
50 65 61
44 65 58
72 69 8
71 28 4
1 81 66
16 39 79
0 33 60
51 9 46
30 65 81
78 21 43
71 8 8
48 16 37
91 25 16
66 98 21
87 47 83
59 19 85
75 36 52
61 12 61
69 77 100
91 41 56
87 93 35
44 68 69
76 45 72
42 67 14
62 86 17
4 99 34
0 55 55
80 65 25
80 2 41
74 86 67
12 72 83
84 98 25
44 95 98
49 22 17
53 5 47
33 70 76
17 37 79
56 92 59
100 17 30
94 30 1
83 77 15
99 8 47
74 83 52
91 2 82
54 53 91
45 24 72
43 9 84
43 82 22
52 71 98
4 57 29
87 57 12
85 84 21
31 8 81
8 2 87
35 9 73
64 16 62
28 58 46
2 48 25
17 69 21
79 13 6
75 97 39
13 55 55
61 95 87
59 22 76
44 52 32
97 40 45
48 21 33
80 94 17
96 74 56
100 27 67
23 60 91
86 75 33
0 20 21
93 54 6
70 72 24
53 90 67
85 68 41
39 68 98
50 96 59
22 14 70
33 60 68
81 40 43
53 46 81
50 20 90
39 12 84
13 62 100
50 95 41
34 44 91
36 64 15
77 75 53
53 48 96
34 27 91
17 26 74
36 67 58
87 63 13
4 62 87
54 28 35
24 8 15
4 47 1
93 8 68
78 12 26
31 47 82
34 99 40
82 45 77
91 77 63
19 57 99
48 19 14
73 79 96
55 36 81
33 69 55
38 86 11
53 76 77
21 66 14
0 42 24
61 11 30
15 19 12
40 47 81
75 96 31
60 81 83
60 87 90
17 63 22
13 63 44
61 55 7
12 98 95
10 55 4
14 78 60
93 5 46
72 73 82
46 26 68
16 53 10
23 5 33
22 28 37
64 38 29
70 15 34
16 96 54
5 20 37
80 80 99
34 68 35
59 72 79
71 76 48
25 17 18
9 72 95
96 2 72
75 69 6
7 72 10
60 98 27
40 31 94
24 26 19
74 77 38
12 39 71
93 81 97
77 61 9
36 93 63
19 67 40
94 30 67
68 31 60
37 33 85
46 71 15
2 47 93
6 90 18
95 44 79
52 72 19
8 100 13
63 39 40
14 58 26
2 67 55
100 98 41
67 54 42
74 35 78
23 3 100
47 27 41
10 22 55
51 16 84
51 66 33
16 79 40
26 4 85
46 54 18
3 40 45
2 32 95
7 25 48
100 66 13
81 8 37
16 12 2
70 16 5
10 33 21
48 100 7
54 13 86
100 74 54
6 54 76
82 47 46
91 63 31
55 65 61
45 24 7
30 83 16
48 55 54
64 82 82
72 17 12
32 94 82
71 75 75
52 96 17
60 5 38
95 62 96
38 2 57
99 10 38
27 56 28
30 44 90
58 90 100
73 66 59
93 28 75
41 35 64
46 100 80
60 2 68
61 38 36
75 52 73
84 70 75
54 7 5
22 54 16
51 37 95
6 33 77
4 17 11
73 94 45
78 56 13
72 82 11
22 34 52
97 14 17
96 97 9
56 65 95
33 84 61
20 71 63
35 97 48
67 60 99
4 86 31
46 4 73
78 3 72
31 86 25
94 73 33
11 99 92
95 85 18
70 87 37
23 8 13
44 88 41
48 52 2
57 14 13
12 88 91
7 62 58
76 41 73
34 54 33
53 66 72
56 57 34
21 84 62
88 93 40
1 55 20
23 7 3
46 83 61
89 74 71
3 96 47
2 57 53
5 5 86
62 17 79
5 100 52
47 68 48
28 43 83
79 100 64
55 58 79
63 4 15
16 48 34
55 32 37
14 65 87
34 10 100
4 92 13
98 23 27
77 91 2
57 76 73
78 71 68
33 36 11
97 87 65
21 63 84
16 86 46
63 93 100
46 13 17
49 60 88
7 68 97
80 46 30
94 24 53
54 6 54
53 92 12
4 64 60
70 35 40
27 23 72
20 98 70
40 67 34
29 71 99
21 53 4
49 11 58
100 68 14
95 11 94
13 15 91
43 82 18
29 36 86
45 58 33
83 77 98
18 89 10
55 12 25
28 95 98
1 90 31
67 23 25
15 14 85
87 66 72
8 67 44
62 17 11
52 20 71
74 24 4
11 10 80
63 90 6
37 24 17
79 12 10
39 68 89
99 99 99
98 57 37
94 53 82
84 30 23
55 71 19
41 97 68
85 12 5
63 43 23
67 83 21
89 11 13
33 18 17
27 61 19
26 57 61
67 5 11
30 74 67
46 60 37
93 94 28
7 55 65
34 72 75
29 11 42
65 48 46
68 76 65
90 22 23
84 53 47
77 65 16
88 98 52
9 3 8
6 56 93
41 62 75
79 40 83
85 70 9
100 89 76
26 54 1
22 89 58
86 54 55
57 76 70
36 41 40
96 46 9
28 11 21
10 72 100
83 45 78
93 68 55
56 44 57
94 29 61
34 78 21
11 32 65
47 88 70
83 56 97
16 97 9
68 23 92
73 6 68
58 27 76
54 86 32
45 94 28
36 17 39
9 70 2
72 45 65
75 37 68
100 61 33
99 58 92
68 94 26
38 10 22
34 38 11
44 31 91
70 59 36
31 90 6
87 40 57
21 88 44
25 60 20
76 85 40
89 21 73
16 10 4
12 72 15
79 7 62
60 29 94
84 71 12
57 48 78
16 74 2
100 97 2
74 32 14
58 58 81
84 93 54
33 24 78
63 5 13
99 70 86
65 39 45
28 75 45
45 61 96
54 98 4
43 89 76
4 99 54
17 73 94
6 57 10
87 37 36
17 89 70
54 47 14
59 30 95
0 34 29
72 36 27
44 4 23
31 57 62
43 86 20
59 8 29
96 28 17
28 16 5
30 94 18
36 42 44
70 29 55
18 61 15
75 9 23
13 42 34
35 43 32
99 92 73
7 13 7
100 6 31
10 67 92
34 98 65
97 81 53
14 12 58
65 83 43
69 62 92
29 72 80
13 64 55
37 3 58
84 58 56
46 38 10
33 35 34
54 8 62
8 58 1
79 31 94
69 18 21
82 28 71
21 80 63
0 92 67
95 52 21
11 83 30
69 3 81
98 42 24
82 89 7
86 92 88
85 55 91
84 75 56
88 45 37
28 37 95
73 93 3
7 84 93
77 46 25
92 38 94
22 4 96
33 39 73
84 32 46
3 19 75
37 62 67
99 62 71
10 86 69
23 65 87
52 56 84
91 54 60
96 31 25
59 30 79
24 98 37
13 35 36
78 22 46
85 73 70
67 58 20
95 82 27
64 15 25
66 43 12
51 16 83
65 18 82
93 37 34
31 3 8
41 58 27
18 18 95
4 78 15
24 24 77
25 68 86
100 26 16
59 60 85
37 17 62
2 1 3
81 16 88
39 72 57
71 83 38
38 73 58
77 89 75
25 2 9
78 12 41
18 82 44
25 93 2
89 48 41
12 83 57
60 86 100
54 28 31
69 91 72
97 48 53
97 83 99
4 90 64
23 24 41
18 13 17
30 9 85
34 16 89
13 62 69
96 44 13
33 44 96
43 41 16
47 53 21
56 48 75
23 68 11
99 26 64
98 38 32
71 81 41
82 19 81
16 58 27
19 13 36
8 88 1
78 53 78
79 6 20
25 65 34
11 78 3
17 36 76
25 55 35
61 34 14
20 46 63
56 80 4
3 22 39
52 68 11
70 57 74
38 13 25
79 87 63
61 85 22
37 73 10
58 16 65
51 36 99
75 30 25
81 88 84
99 91 5
71 35 27
67 95 83
29 94 95
21 26 87
8 7 32
7 56 41
37 56 98
45 62 57
25 54 15
7 13 96
51 34 61
56 1 93
23 89 93
10 87 38
30 41 28
43 58 83
67 73 45
7 52 33
91 77 4
42 62 90
60 68 69
56 35 42
11 73 54
45 70 62
43 19 26
45 54 78
55 83 24
67 14 93
21 81 30
91 5 25
42 93 63
66 26 38
30 29 57
51 7 31
23 17 75
38 31 43
61 29 41
83 15 78
11 72 92
13 9 38
10 32 14
38 13 28
24 89 95
85 7 21
98 96 13
93 62 100
81 4 75
80 22 42
58 20 9
20 46 39
25 63 58
23 7 57
31 10 68
36 4 21
70 67 75
21 61 42
71 87 7
25 24 95
28 62 38
68 6 13
59 83 100
18 95 60
35 45 55
54 99 95
35 87 31
32 74 85
28 95 81
80 70 89
16 86 48
53 85 73
51 76 26
42 63 85
28 1 34
0 32 79
23 74 80
29 90 66
41 31 52
31 83 25
39 39 55
11 97 8
4 8 40
17 53 33
89 86 90
15 74 4
38 96 19
75 2 67
84 18 41
49 35 2
61 63 52
100 37 76
97 88 98
30 86 56
37 87 8
34 92 69
77 41 62
1 69 27
20 18 1
32 10 75
74 98 45
64 20 30
85 96 27
57 75 18
92 40 17
20 60 75
28 74 83
75 91 13
38 8 35
18 56 55
85 85 34
61 11 97
66 69 9
57 98 14
97 18 34
19 95 1
59 78 24
22 15 99
32 96 39
61 88 67
100 66 7
48 77 79
30 60 84
16 46 80
90 70 34
91 74 34
72 98 89
67 60 11
5 47 66
35 35 60
5 21 40
57 28 81
98 4 46
93 92 92
91 96 80
27 81 7
52 91 16
62 18 5
50 22 39
52 22 97
98 22 42
95 53 33
96 10 58
37 26 33
25 47 39
44 52 32
0 10 42
46 59 25
20 73 91
94 30 5
81 53 85
55 84 13
100 84 72
82 87 30
73 81 29
23 58 58
55 48 15
3 83 27
59 31 96
82 24 95
11 45 47
18 69 54
6 68 91
87 70 20
38 100 15
13 15 75
37 87 64
56 87 92
12 55 55
49 86 5
95 24 55
34 29 29
51 57 31
71 75 25
71 52 15
60 81 24
55 2 71
21 94 36
8 44 91
38 87 35
53 48 15
76 77 73
8 47 90
39 43 22
72 21 28
60 83 20
35 72 76
0 39 48
32 27 27
52 79 95
37 92 57
3 98 22
20 60 5
70 44 46
2 59 23
45 19 56
98 100 65
34 29 37
25 23 43
67 53 15
19 15 33
66 15 25
65 69 32
16 93 89
41 67 73
4 80 61
51 32 31
47 66 68
7 55 85
66 16 67
3 89 85
34 66 96
87 20 40
70 25 2
55 4 97
88 64 68
10 34 82
7 21 17
51 39 32
52 60 75
99 70 27
19 71 93
2 86 38
5 34 58
14 81 78
21 52 78
90 93 62
36 65 62
10 28 72
96 95 29
36 54 38
57 27 68
0 54 4
74 73 98
29 75 87
16 20 13
6 10 20
29 2 60
40 76 92
42 25 39
50 78 61
99 92 60
42 58 87
36 98 30
16 58 42
63 38 11
86 7 52
98 87 25
43 24 79
95 22 15
79 29 41
13 64 42
39 5 38
70 88 73
94 20 21
33 34 86
33 20 79
21 1 14
10 36 76
39 62 18
15 27 85
54 31 99
100 45 18
65 88 97
91 22 82
88 7 40
100 39 9
4 11 83
1 23 57
3 31 48
48 62 3
87 78 17
79 70 92
48 64 69
89 80 24
67 68 52
25 85 66
56 84 29
49 42 78
85 71 33
97 44 60
17 24 45
87 5 14
86 41 9
73 4 82
0 65 91
32 46 61
81 13 32
80 32 67
3 8 88
61 30 32
0 71 40
66 30 100
67 43 16
50 27 13
66 90 100
12 59 63
53 28 74
98 55 70
44 5 97
31 43 35
82 94 57
46 65 73
72 9 77
80 60 28
20 24 95
6 97 77
12 25 45
25 12 74
11 45 87
98 6 75
23 1 19
61 6 25
92 100 81
34 85 73
77 21 90
20 56 46
42 73 40
75 79 54
10 5 43
97 96 54
32 14 83
84 63 23
55 68 37
86 23 47
92 80 87
51 46 69
80 66 44
19 7 99
12 9 17
84 79 48
79 48 76
42 35 78
2 94 46
97 69 86
67 1 56
46 60 87
17 75 28
76 87 22
2 20 12
93 24 72
28 46 55
26 2 42
57 26 71
55 55 17
89 8 11
82 70 56
73 32 97
70 91 100
47 25 9
16 11 38
65 91 93
66 19 66
98 31 67
63 53 74
84 95 42
57 41 42
38 18 74
6 23 99
98 85 64
69 39 59
94 75 65
74 92 31
24 84 57
20 56 69
1 45 6
86 15 32
12 33 57
6 54 76
82 93 96
70 93 6
51 82 15
81 38 96
15 81 62
6 26 84
99 61 22
79 94 60
82 20 52
2 96 76
12 65 66
73 44 1
